kills,deaths,+/-,k/d,kills per 10min,deaths per 10min,kills (stayed alive),num lives,avg time per life (s),hill time (s),2-piece
25,22,3,1.14,26.0,22.8,16,23,23.2,106,5
32,21,11,1.52,33.2,21.8,24,22,24.3,42,3
32,23,9,1.39,33.2,23.9,22,24,22.1,56,5
21,15,6,1.4,21.8,15.6,18,16,34.2,97,2
24,29,-5,0.83,24.9,30.1,18,30,17.3,57,5
16,30,-14,0.53,16.6,31.1,12,31,16.7,30,2
16,27,-11,0.59,16.6,28.0,10,28,18.6,64,2
25,24,1,1.04,26.0,24.9,19,25,21.2,48,1
24,22,2,1.09,26.6,24.4,17,25,19.6,63,2
26,16,10,1.62,28.8,17.7,22,18,28.1,77,4
35,17,18,2.06,38.7,18.8,28,19,26.6,72,5
29,20,9,1.45,32.1,22.1,19,21,23.9,82,1
18,27,-9,0.67,19.9,29.9,11,28,17.3,37,1
20,26,-6,0.77,22.1,28.8,12,27,18.1,29,1
23,33,-10,0.7,25.5,36.5,11,34,13.9,29,6
14,28,-14,0.5,15.5,31.0,6,29,16.7,24,0
25,15,10,1.67,29.3,17.6,19,17,28.2,71,3
34,15,19,2.27,39.8,17.6,25,17,28.2,115,5
25,14,11,1.79,29.3,16.4,22,16,30.1,87,5
21,17,4,1.24,24.6,19.9,15,18,26.5,43,3
15,29,-14,0.52,17.6,34.0,9,30,15.0,11,2
13,23,-10,0.57,15.2,27.0,7,27,17.0,38,1
20,26,-6,0.77,23.4,30.5,10,27,17.0,28,2
13,27,-14,0.48,15.2,31.6,9,28,16.3,39,2
29,25,4,1.16,30.2,26.0,20,25,20.9,92,5
19,28,-9,0.68,19.8,29.2,12,29,17.9,49,1
12,24,-12,0.5,12.5,25.0,3,25,21.1,49,0
16,25,-9,0.64,16.7,26.0,10,27,19.3,41,2
22,19,3,1.16,22.9,19.8,12,21,25.5,62,1
28,21,7,1.33,29.2,21.9,22,22,24.2,101,6
22,16,6,1.38,22.9,16.7,15,18,29.6,76,3
30,20,10,1.5,31.2,20.8,21,21,25.5,46,5
37,31,6,1.19,28.7,24.1,28,32,22.2,95,5
30,34,-4,0.88,23.3,26.4,18,35,20.1,90,2
27,39,-12,0.69,21.0,30.3,16,40,17.3,49,5
31,30,1,1.03,24.1,23.3,21,33,21.5,52,2
34,27,7,1.26,26.4,21.0,24,28,25.7,183,4
36,38,-2,0.95,27.9,29.5,23,41,16.8,31,6
28,32,-4,0.88,21.7,24.8,21,33,21.4,10,4
36,28,8,1.29,27.9,21.7,23,29,24.6,27,5
17,26,-9,0.65,15.8,24.2,11,28,20.9,69,2
20,28,-8,0.71,18.6,26.1,11,29,20.2,36,1
18,27,-9,0.67,16.8,25.2,9,28,20.9,27,3
25,28,-3,0.89,23.3,26.1,15,28,21.0,65,3
22,23,-1,0.96,20.5,21.4,14,24,24.7,66,2
31,17,14,1.82,28.9,15.8,25,18,33.9,80,4
29,20,9,1.45,27.0,18.6,23,21,28.5,32,3
27,20,7,1.35,25.2,18.6,23,22,27.3,104,5
17,27,-10,0.63,17.4,27.6,11,28,19.0,78,2
26,29,-3,0.9,26.6,29.7,23,30,17.6,64,5
20,25,-5,0.8,20.5,25.6,11,26,20.5,23,2
27,28,-1,0.96,27.6,28.7,17,30,17.6,41,4
30,22,8,1.36,30.7,22.5,22,23,23.5,92,4
33,21,12,1.57,33.8,21.5,26,23,23.6,105,4
17,20,-3,0.85,17.4,20.5,10,21,26.0,29,2
29,27,2,1.07,29.7,27.6,21,28,19.0,99,4
23,23,0,1.0,22.0,22.0,12,24,24.1,70,2
23,22,1,1.05,22.0,21.0,13,23,25.4,72,2
27,28,-1,0.96,25.8,26.8,16,30,18.9,86,4
26,26,0,1.0,24.8,24.8,20,27,21.3,29,3
22,25,-3,0.88,21.0,23.9,15,26,22.2,58,2
33,16,17,2.06,31.5,15.3,27,17,35.0,136,8
27,26,1,1.04,25.8,24.8,18,28,20.4,51,5
17,32,-15,0.53,16.2,30.6,8,35,16.0,39,3
26,31,-5,0.84,24.5,29.2,17,33,17.4,91,6
22,28,-6,0.79,20.7,26.3,17,30,19.3,102,4
19,30,-11,0.63,17.9,28.2,12,31,18.6,23,2
31,27,4,1.15,29.2,25.4,21,28,20.8,49,3
25,29,-4,0.86,23.5,27.3,16,30,19.3,60,1
26,22,4,1.18,24.5,20.7,20,23,25.8,52,4
37,17,20,2.18,34.8,16.0,32,19,31.6,130,5
28,30,-2,0.93,26.3,28.2,22,31,18.6,48,3
14,19,-5,0.74,16.3,22.1,13,20,23.8,131,2
34,18,16,1.89,39.6,21.0,25,18,26.6,61,6
25,19,6,1.32,29.1,22.1,22,20,23.8,81,4
22,26,-4,0.85,25.6,30.3,15,27,17.1,5,2
20,20,0,1.0,23.3,23.3,15,22,21.5,6,2
20,30,-10,0.67,23.3,35.0,14,32,14.1,17,4
24,21,3,1.14,28.0,24.5,20,22,21.4,43,2
18,24,-6,0.75,21.0,28.0,11,25,18.6,22,2
22,26,-4,0.85,20.6,24.4,17,27,21.7,48,2
27,30,-3,0.9,25.3,28.1,16,30,19.3,28,4
41,20,21,2.05,38.4,18.8,35,21,28.5,107,7
31,24,7,1.29,29.1,22.5,23,25,23.6,90,5
22,30,-8,0.73,20.6,28.1,17,31,18.7,77,1
25,34,-9,0.74,23.4,31.9,18,35,16.3,38,6
29,27,2,1.07,27.2,25.3,21,27,21.5,22,3
24,30,-6,0.8,22.5,28.1,14,31,18.7,71,4
12,19,-7,0.63,19.5,30.9,7,19,17.1,0,1
7,19,-12,0.37,11.4,30.9,5,20,16.5,27,1
5,18,-13,0.28,8.1,29.3,4,18,18.5,7,1
6,18,-12,0.33,9.8,29.3,3,18,18.4,0,1
19,12,7,1.58,30.9,19.5,13,13,26.5,40,1
21,3,18,7.0,34.1,4.9,21,4,90.8,62,5
17,6,11,2.83,27.6,9.8,17,7,51.0,117,5
17,9,8,1.89,27.6,14.6,13,10,35.1,53,3
25,27,-2,0.93,23.9,25.8,17,27,21.3,15,2
21,25,-4,0.84,20.1,23.9,10,26,22.2,104,1
26,23,3,1.13,24.8,22.0,20,24,24.2,86,4
27,22,5,1.23,25.8,21.0,18,23,25.4,48,4
23,25,-2,0.92,22.0,23.9,17,26,22.2,55,2
21,32,-11,0.66,20.1,30.6,12,33,17.0,87,2
26,22,4,1.18,24.8,21.0,13,24,24.2,85,1
27,20,7,1.35,25.8,19.1,24,21,28.0,94,2
41,28,13,1.46,33.7,23.0,35,30,22.4,116,6
29,29,0,1.0,23.9,23.9,21,30,22.3,55,3
20,37,-17,0.54,16.5,30.5,14,38,17.2,79,1
41,36,5,1.14,33.7,29.6,27,38,17.2,11,4
28,32,-4,0.88,23.0,26.3,19,33,20.1,138,3
41,40,1,1.02,33.7,32.9,26,41,15.8,23,10
35,33,2,1.06,28.8,27.2,20,34,19.5,38,2
26,26,0,1.0,21.4,21.4,21,27,25.1,59,3
14,25,-11,0.56,16.2,28.8,7,26,17.9,21,2
21,26,-5,0.81,24.2,30.0,14,27,17.3,54,5
17,25,-8,0.68,19.6,28.8,11,25,18.8,44,3
21,30,-9,0.7,24.2,34.6,11,31,14.8,13,0
27,22,5,1.23,31.2,25.4,19,23,20.6,59,4
23,18,5,1.28,26.5,20.8,14,20,24.1,130,5
28,12,16,2.33,32.3,13.8,21,13,38.1,103,5
28,21,7,1.33,32.3,24.2,19,22,21.7,36,3
22,24,-2,0.92,20.4,22.2,14,25,23.9,34,1
17,29,-12,0.59,15.7,26.9,9,30,19.6,53,1
33,22,11,1.5,30.6,20.4,23,24,25.1,25,3
22,28,-6,0.79,20.4,25.9,16,28,21.1,103,4
23,23,0,1.0,21.3,21.3,16,25,23.9,52,4
23,18,5,1.28,21.3,16.7,20,19,32.1,102,3
26,24,2,1.08,24.1,22.2,20,26,23.0,85,3
31,29,2,1.07,28.7,26.9,21,30,19.6,57,7
45,16,29,2.81,42.5,15.1,37,16,37.9,73,8
35,31,4,1.13,33.0,29.2,24,33,17.3,31,4
25,30,-5,0.83,23.6,28.3,18,32,17.9,64,3
21,23,-2,0.91,19.8,21.7,15,25,23.5,155,3
30,29,1,1.03,28.3,27.4,20,31,18.2,32,2
26,33,-7,0.79,24.5,31.1,15,34,16.7,74,3
18,30,-12,0.6,17.0,28.3,13,30,19.2,78,0
26,34,-8,0.76,24.5,32.1,14,35,16.0,36,4
21,16,5,1.31,23.3,17.7,18,17,29.9,98,2
21,18,3,1.17,23.3,20.0,15,19,26.5,98,3
26,20,6,1.3,28.8,22.2,18,21,23.8,55,4
25,22,3,1.14,27.7,24.4,16,24,20.6,51,3
17,25,-8,0.68,18.9,27.7,12,26,18.9,72,4
17,21,-4,0.81,18.9,23.3,15,23,21.6,50,3
24,22,2,1.09,26.6,24.4,16,24,20.5,17,3
18,25,-7,0.72,20.0,27.7,10,25,19.5,50,1
32,36,-4,0.89,29.2,32.9,18,36,16.2,34,3
20,30,-10,0.67,18.3,27.4,13,32,18.4,67,2
18,30,-12,0.6,16.4,27.4,10,31,18.8,63,3
28,27,1,1.04,25.6,24.7,21,28,21.5,77,5
25,23,2,1.09,22.8,21.0,18,24,25.4,68,4
28,27,1,1.04,25.6,24.7,16,28,21.3,72,3
41,27,14,1.52,37.4,24.7,26,28,21.4,39,4
29,21,8,1.38,26.5,19.2,21,22,27.7,115,5
21,20,1,1.05,23.1,22.0,13,21,24.0,78,1
28,19,9,1.47,30.8,20.9,23,20,25.2,60,3
20,20,0,1.0,22.0,22.0,14,21,24.0,65,4
19,22,-3,0.86,20.9,24.2,14,23,21.7,52,4
20,20,0,1.0,22.0,22.0,13,22,22.9,50,1
19,25,-6,0.76,20.9,27.5,15,27,18.2,58,1
27,23,4,1.17,29.7,25.3,17,24,20.7,28,5
15,20,-5,0.75,16.5,22.0,11,21,24.0,46,2
22,29,-7,0.76,20.8,27.4,15,30,19.1,36,3
27,34,-7,0.79,25.5,32.1,16,36,15.6,40,5
25,27,-2,0.93,23.6,25.5,17,27,21.4,50,3
21,33,-12,0.64,19.8,31.2,13,34,16.7,22,3
29,22,7,1.32,27.4,20.8,22,24,24.5,91,2
24,26,-2,0.92,22.7,24.6,16,28,20.7,47,3
36,22,14,1.64,34.0,20.8,27,24,24.5,56,6
34,25,9,1.36,32.1,23.6,24,25,23.4,85,3
20,21,-1,0.95,22.6,23.8,14,22,22.2,46,3
26,19,7,1.37,29.4,21.5,17,21,23.3,86,4
20,20,0,1.0,22.6,22.6,14,22,22.1,68,2
34,22,12,1.55,38.5,24.9,24,23,21.1,65,7
12,23,-11,0.52,13.6,26.0,5,24,20.0,16,1
27,22,5,1.23,30.6,24.9,19,23,21.0,28,4
18,27,-9,0.67,20.4,30.6,14,29,16.3,72,1
25,28,-3,0.89,28.3,31.7,17,29,16.3,14,3
18,26,-8,0.69,19.4,28.0,11,28,17.9,48,2
15,26,-11,0.58,16.2,28.0,10,27,18.7,54,1
24,23,1,1.04,25.9,24.8,17,24,21.0,30,2
28,26,2,1.08,30.2,28.0,17,27,18.7,24,1
27,25,2,1.08,29.1,26.9,16,26,19.5,100,4
25,27,-2,0.93,26.9,29.1,16,28,17.9,60,4
25,14,11,1.79,26.9,15.1,21,15,35.2,10,4
24,19,5,1.26,25.9,20.5,18,21,24.6,143,5
29,27,2,1.07,26.0,24.2,20,29,21.1,98,3
33,17,16,1.94,29.6,15.2,29,18,35.2,77,6
24,30,-6,0.8,21.5,26.9,17,31,19.6,35,5
23,30,-7,0.77,20.6,26.9,16,31,19.6,96,4
21,21,0,1.0,18.8,18.8,16,24,25.9,113,2
29,29,0,1.0,26.0,26.0,17,30,20.2,41,3
28,34,-6,0.82,25.1,30.5,16,36,16.6,78,2
26,25,1,1.04,23.3,22.4,18,26,23.7,55,2
34,28,6,1.21,28.3,23.3,25,29,22.8,23,5
22,27,-5,0.81,18.3,22.5,16,29,22.8,62,5
33,19,14,1.74,27.5,15.8,29,20,34.0,64,5
31,30,1,1.03,25.8,25.0,20,31,21.2,131,2
37,27,10,1.37,30.8,22.5,25,28,23.7,31,5
25,33,-8,0.76,20.8,27.5,19,34,19.1,25,3
22,27,-5,0.81,18.3,22.5,15,28,23.7,71,2
20,33,-13,0.61,16.7,27.5,13,35,18.6,73,1
23,18,5,1.28,26.1,20.4,17,19,25.9,79,2
25,23,2,1.09,28.4,26.1,19,24,20.0,104,2
15,15,0,1.0,17.0,17.0,11,16,31.1,118,1
28,21,7,1.33,31.8,23.8,19,22,22.0,29,5
15,20,-5,0.75,17.0,22.7,7,22,22.1,62,0
25,28,-3,0.89,28.4,31.8,14,28,16.9,69,3
17,23,-6,0.74,19.3,26.1,9,24,20.1,54,2
20,20,0,1.0,22.7,22.7,10,22,22.1,54,3
23,29,-6,0.79,21.4,26.9,13,30,19.6,48,2
27,28,-1,0.96,25.1,26.0,17,29,20.3,49,2
19,20,-1,0.95,17.6,18.6,16,22,27.4,162,3
19,31,-12,0.61,17.6,28.8,11,33,17.6,23,1
20,22,-2,0.91,18.6,20.4,12,25,23.9,103,1
41,23,18,1.78,38.1,21.4,33,25,23.8,44,7
18,20,-2,0.9,16.7,18.6,11,21,28.7,43,2
29,23,6,1.26,26.9,21.4,21,25,23.8,92,5
24,33,-9,0.73,23.3,32.0,16,35,15.6,43,5
25,27,-2,0.93,24.3,26.2,15,28,20.1,29,1
23,28,-5,0.82,22.3,27.2,17,29,19.3,63,4
26,33,-7,0.79,25.2,32.0,13,36,14.6,24,4
25,27,-2,0.93,24.3,26.2,14,28,20.1,76,4
35,22,13,1.59,34.0,21.4,27,23,24.9,59,6
24,25,-1,0.96,23.3,24.3,12,25,22.7,66,3
37,24,13,1.54,35.9,23.3,25,26,21.8,116,3
32,19,13,1.68,30.7,18.2,25,20,29.2,76,2
25,26,-1,0.96,24.0,24.9,19,27,21.2,80,3
15,31,-16,0.48,14.4,29.7,10,33,16.8,74,1
29,25,4,1.16,27.8,24.0,18,26,22.1,85,3
26,27,-1,0.96,24.9,25.9,13,28,20.4,63,3
23,24,-1,0.96,22.0,23.0,13,25,23.1,99,3
25,27,-2,0.93,24.0,25.9,16,29,19.5,55,4
27,23,4,1.17,25.9,22.0,17,23,25.3,49,2
36,28,8,1.29,31.8,24.7,28,29,21.4,62,5
22,31,-9,0.71,19.4,27.4,12,33,18.6,128,2
27,22,5,1.23,23.9,19.4,20,23,27.5,44,3
39,21,18,1.86,34.5,18.6,29,22,28.9,65,4
27,26,1,1.04,23.9,23.0,18,27,23.1,60,5
24,38,-14,0.63,21.2,33.6,16,41,14.5,51,4
19,29,-10,0.66,16.8,25.6,12,30,20.6,73,2
32,31,1,1.03,28.3,27.4,23,31,19.8,67,3
31,17,14,1.82,35.7,19.6,24,19,25.5,80,2
17,21,-4,0.81,19.6,24.2,11,22,21.7,136,2
19,22,-3,0.86,21.9,25.3,12,23,20.5,37,2
25,23,2,1.09,28.8,26.5,18,25,18.9,73,3
17,24,-7,0.71,19.6,27.6,13,26,18.1,62,2
21,25,-4,0.84,24.2,28.8,11,26,18.0,48,2
21,20,1,1.05,24.2,23.0,13,21,22.9,10,4
24,23,1,1.04,27.6,26.5,16,24,19.7,48,6
26,13,13,2.0,32.7,16.4,19,14,32.1,112,6
18,14,4,1.29,22.6,17.6,12,16,27.9,67,2
25,12,13,2.08,31.4,15.1,24,13,34.8,60,2
23,19,4,1.21,28.9,23.9,16,20,21.9,44,3
13,25,-12,0.52,16.4,31.4,3,28,14.9,21,1
19,23,-4,0.83,23.9,28.9,11,24,17.9,11,2
9,20,-11,0.45,11.3,25.2,5,21,20.8,66,1
17,24,-7,0.71,21.4,30.2,7,25,17.1,43,2
26,28,-2,0.93,23.7,25.5,17,29,20.7,60,2
23,28,-5,0.82,20.9,25.5,15,29,20.7,71,2
36,25,11,1.44,32.8,22.8,27,28,21.5,33,5
34,31,3,1.1,31.0,28.2,23,32,18.6,26,8
27,29,-2,0.93,24.6,26.4,19,30,20.0,28,1
32,20,12,1.6,29.1,18.2,26,22,28.0,107,7
24,35,-11,0.69,21.9,31.9,16,37,15.8,103,1
29,35,-6,0.83,26.4,31.9,18,36,16.3,45,4
21,29,-8,0.72,20.0,27.7,12,31,18.3,74,1
36,23,13,1.57,34.3,21.9,25,25,22.9,71,4
22,24,-2,0.92,21.0,22.9,19,25,23.2,85,4
33,30,3,1.1,31.5,28.6,26,31,18.3,47,5
20,30,-10,0.67,19.1,28.6,13,31,18.3,36,2
21,29,-8,0.72,20.0,27.7,11,30,19.0,42,2
30,26,4,1.15,28.6,24.8,22,27,21.3,33,2
35,27,8,1.3,33.4,25.8,26,28,20.4,32,6
16,31,-15,0.52,14.0,27.2,11,32,19.3,67,2
26,23,3,1.13,22.8,20.2,20,24,26.3,103,3
31,23,8,1.35,27.2,20.2,21,25,25.4,36,4
26,20,6,1.3,22.8,17.5,19,20,32.2,60,3
24,29,-5,0.83,21.1,25.4,14,30,20.8,62,1
28,22,6,1.27,24.6,19.3,23,23,27.8,74,3
22,22,0,1.0,19.3,19.3,17,23,27.8,55,2
23,26,-3,0.88,20.2,22.8,17,27,23.3,89,2
26,18,8,1.44,29.6,20.5,21,19,25.8,78,1
24,17,7,1.41,27.3,19.4,18,19,25.9,108,2
19,19,0,1.0,21.6,21.6,14,20,24.4,65,2
28,22,6,1.27,31.9,25.0,19,24,20.1,58,4
14,24,-10,0.58,15.9,27.3,8,25,19.1,86,1
31,21,10,1.48,35.3,23.9,23,22,21.9,45,4
16,26,-10,0.62,18.2,29.6,11,30,15.6,12,3
15,26,-11,0.58,17.1,29.6,7,28,16.9,29,0
16,22,-6,0.73,15.0,20.7,13,24,24.6,58,0
30,26,4,1.15,28.2,24.4,19,27,21.7,83,3
27,27,0,1.0,25.4,25.4,15,28,20.8,86,4
19,25,-6,0.76,17.8,23.5,12,27,21.7,40,5
18,25,-7,0.72,16.9,23.5,9,28,20.8,56,2
27,23,4,1.17,25.4,21.6,19,25,23.6,118,2
25,28,-3,0.89,23.5,26.3,17,29,20.0,69,4
30,16,14,1.88,28.2,15.0,25,17,35.7,88,7
35,39,-4,0.9,27.5,30.6,22,40,17.1,48,3
33,39,-6,0.85,25.9,30.6,15,40,17.1,41,2
48,32,16,1.5,37.6,25.1,31,32,21.9,94,6
41,35,6,1.17,32.2,27.5,24,37,18.7,51,4
32,34,-2,0.94,25.1,26.7,22,36,19.2,87,6
42,47,-5,0.89,32.9,36.9,29,47,14.2,31,4
36,37,-1,0.97,28.2,29.0,23,38,18.1,57,5
35,39,-4,0.9,27.5,30.6,23,41,16.7,51,4
34,34,0,1.0,26.3,26.3,22,35,20.2,55,3
31,34,-3,0.91,23.9,26.3,24,34,20.9,54,4
45,32,13,1.41,34.7,24.7,36,33,21.5,81,5
30,37,-7,0.81,23.2,28.6,19,39,17.9,66,3
35,36,-1,0.97,27.0,27.8,23,37,19.0,97,4
36,38,-2,0.95,27.8,29.3,27,39,17.9,78,4
30,29,1,1.03,23.2,22.4,23,31,23.1,23,5
36,37,-1,0.97,27.8,28.6,23,39,17.8,63,5
21,23,-2,0.91,20.5,22.5,15,23,24.6,29,2
29,28,1,1.04,28.3,27.4,16,29,19.2,60,4
16,31,-15,0.52,15.6,30.3,9,31,17.7,58,1
22,32,-10,0.69,21.5,31.3,16,33,16.6,32,3
22,21,1,1.05,21.5,20.5,15,22,26.0,103,3
27,29,-2,0.93,26.4,28.3,18,31,17.8,46,3
38,16,22,2.38,37.1,15.6,31,17,34.1,67,10
27,22,5,1.23,26.4,21.5,24,23,24.6,46,2
17,24,-7,0.71,19.5,27.5,9,24,19.8,10,2
17,19,-2,0.89,19.5,21.8,11,21,23.0,69,2
24,24,0,1.0,27.5,27.5,14,24,19.9,24,3
16,23,-7,0.7,18.3,26.3,11,24,19.8,22,3
26,17,9,1.53,29.8,19.5,19,18,27.0,8,4
21,24,-3,0.88,24.0,27.5,15,24,19.7,64,6
28,18,10,1.56,32.1,20.6,23,20,24.4,59,4
15,15,0,1.0,17.2,17.2,13,17,28.9,134,2
43,28,15,1.54,34.2,22.3,32,29,23.8,63,8
27,38,-11,0.71,21.5,30.2,18,39,17.4,65,5
37,32,5,1.16,29.4,25.5,26,33,20.8,86,6
37,30,7,1.23,29.4,23.9,23,33,20.9,58,4
29,35,-6,0.83,23.1,27.9,19,36,19.0,82,5
30,37,-7,0.81,23.9,29.4,13,39,17.3,65,2
38,39,-1,0.97,30.2,31.0,28,41,16.3,12,7
31,33,-2,0.94,24.7,26.3,19,34,20.2,97,3
26,23,3,1.13,23.7,21.0,22,24,25.4,101,1
27,24,3,1.12,24.7,21.9,19,25,24.2,89,4
32,24,8,1.33,29.2,21.9,22,25,24.3,59,4
34,23,11,1.48,31.1,21.0,25,24,25.4,54,5
21,33,-12,0.64,19.2,30.1,7,36,16.3,90,2
25,25,0,1.0,22.8,22.8,17,26,23.3,58,2
22,31,-9,0.71,20.1,28.3,15,31,19.1,80,0
26,30,-4,0.87,23.7,27.4,16,31,19.2,53,3
24,31,-7,0.77,21.4,27.7,19,32,19.1,84,2
14,32,-18,0.44,12.5,28.6,13,34,17.9,78,1
27,21,6,1.29,24.1,18.8,19,25,25.0,24,3
25,33,-8,0.76,22.3,29.5,15,35,17.3,47,3
24,26,-2,0.92,21.4,23.2,16,28,22.1,17,2
25,27,-2,0.93,22.3,24.1,16,30,20.6,145,2
40,18,22,2.22,35.7,16.1,34,19,33.5,44,3
28,19,9,1.47,25.0,17.0,24,20,31.2,67,3
31,31,0,1.0,27.9,27.9,22,32,18.9,103,5
24,24,0,1.0,21.6,21.6,16,25,24.7,80,1
26,25,1,1.04,23.4,22.5,19,26,23.7,81,3
23,26,-3,0.88,20.7,23.4,18,27,22.7,60,2
22,29,-7,0.76,19.8,26.1,14,31,19.4,122,5
28,27,1,1.04,25.2,24.3,14,29,21.0,67,2
25,23,2,1.09,22.5,20.7,18,24,25.8,48,3
31,25,6,1.24,27.9,22.5,24,27,22.6,72,2
16,23,-7,0.7,16.1,23.2,10,23,23.9,31,2
21,20,1,1.05,21.2,20.2,16,24,22.8,26,4
16,27,-11,0.59,16.1,27.2,10,28,19.1,40,2
21,28,-7,0.75,21.2,28.2,12,29,18.5,54,2
21,25,-4,0.84,21.2,25.2,14,26,20.9,21,0
29,13,16,2.23,29.2,13.1,23,15,37.9,121,3
26,19,7,1.37,26.2,19.2,22,21,26.5,52,5
22,17,5,1.29,22.2,17.1,16,19,29.3,59,2
33,32,1,1.03,25.8,25.0,27,32,22.0,23,6
27,30,-3,0.9,21.1,23.4,19,31,22.8,78,3
33,30,3,1.1,25.8,23.4,27,31,22.4,56,5
21,34,-13,0.62,16.4,26.6,10,34,20.4,113,1
29,28,1,1.04,22.7,21.9,19,30,23.5,119,5
30,34,-4,0.88,23.4,26.6,19,35,19.9,38,4
33,27,6,1.22,25.8,21.1,23,28,25.4,71,7
34,25,9,1.36,26.6,19.5,26,26,27.6,46,6
33,34,-1,0.97,29.6,30.4,24,35,17.2,87,3
27,29,-2,0.93,24.2,26.0,20,30,20.4,86,4
37,24,13,1.54,33.1,21.5,29,25,24.8,94,3
24,29,-5,0.83,21.5,26.0,19,30,20.4,41,3
26,31,-5,0.84,23.3,27.8,17,32,19.0,77,3
30,28,2,1.07,26.9,25.1,19,28,21.8,46,3
34,28,6,1.21,30.4,25.1,25,30,20.4,48,2
26,34,-8,0.76,23.3,30.4,20,35,17.2,38,2
37,23,14,1.61,33.1,20.6,28,25,24.9,67,6
28,27,1,1.04,25.0,24.1,22,28,22.0,84,2
20,27,-7,0.74,17.9,24.1,12,28,22.0,46,0
27,32,-5,0.84,24.1,28.6,20,33,18.4,31,6
25,25,0,1.0,22.4,22.4,22,26,23.9,30,2
22,27,-5,0.81,19.7,24.1,17,29,21.2,137,0
29,30,-1,0.97,25.9,26.8,19,30,20.3,54,5
33,30,3,1.1,29.5,26.8,20,31,19.7,57,2
33,30,3,1.1,30.0,27.3,24,31,19.3,56,6
21,28,-7,0.75,19.1,25.5,15,29,20.7,60,4
25,33,-8,0.76,22.7,30.0,17,33,18.0,28,1
31,33,-2,0.94,28.2,30.0,19,33,18.0,83,8
29,28,1,1.04,26.4,25.5,20,28,21.5,92,4
30,33,-3,0.91,27.3,30.0,14,35,16.9,19,4
37,28,9,1.32,33.6,25.5,25,29,20.7,58,5
28,21,7,1.33,25.5,19.1,21,23,26.8,100,2
33,24,9,1.38,31.3,22.8,22,25,23.3,81,3
23,31,-8,0.74,21.8,29.4,14,32,17.8,26,2
24,35,-11,0.69,22.8,33.2,13,36,15.5,52,7
27,28,-1,0.96,25.6,26.6,18,30,19.1,136,3
35,29,6,1.21,33.2,27.5,21,33,17.3,50,6
30,27,3,1.11,28.5,25.6,25,28,20.6,10,5
23,28,-5,0.82,21.8,26.6,14,29,19.8,138,2
30,23,7,1.3,28.5,21.8,23,25,23.3,16,2
25,22,3,1.14,24.5,21.6,17,24,23.5,57,2
20,27,-7,0.74,19.6,26.5,12,27,20.7,50,3
25,25,0,1.0,24.5,24.5,18,26,21.5,62,5
34,23,11,1.48,33.3,22.5,28,24,23.6,98,7
21,32,-11,0.66,20.6,31.4,18,34,16.0,78,2
29,25,4,1.16,28.4,24.5,18,27,20.7,53,3
27,25,2,1.08,26.5,24.5,17,26,21.6,35,2
20,22,-2,0.91,19.6,21.6,13,23,24.6,9,1
14,13,1,1.08,17.6,16.4,10,14,32.1,46,1
20,11,9,1.82,25.2,13.9,18,12,37.9,71,2
18,12,6,1.5,22.7,15.1,13,14,32.1,52,2
19,11,8,1.73,23.9,13.9,14,12,37.8,117,2
7,21,-14,0.33,8.8,26.5,5,22,19.7,31,0
10,19,-9,0.53,12.6,23.9,6,20,21.9,18,1
19,14,5,1.36,23.9,17.6,12,15,29.9,18,4
11,17,-6,0.65,13.9,21.4,7,18,24.6,17,0
17,31,-14,0.55,18.2,33.2,9,32,15.5,34,2
26,24,2,1.08,27.9,25.7,14,26,19.4,54,3
23,24,-1,0.96,24.6,25.7,16,26,19.6,34,3
16,32,-16,0.5,17.1,34.3,8,34,14.5,36,3
30,21,9,1.43,32.1,22.5,22,22,23.4,118,2
28,19,9,1.47,30.0,20.4,21,20,26.1,19,2
25,14,11,1.79,26.8,15.0,22,15,35.5,107,4
28,28,0,1.0,30.0,30.0,17,29,17.4,36,3
28,25,3,1.12,25.4,22.7,17,27,22.5,41,4
27,30,-3,0.9,24.5,27.2,19,31,19.3,38,5
39,22,17,1.77,35.4,20.0,30,24,25.6,93,6
24,32,-8,0.75,21.8,29.0,14,34,17.5,41,3
23,32,-9,0.72,20.9,29.0,16,33,18.1,62,3
27,31,-4,0.87,24.5,28.1,17,32,18.7,49,2
23,32,-9,0.72,20.9,29.0,14,33,18.0,26,2
36,23,13,1.57,32.7,20.9,29,24,25.6,136,5
35,36,-1,0.97,30.1,30.9,23,38,16.4,79,5
31,27,4,1.15,26.6,23.2,23,28,23.0,17,4
25,29,-4,0.86,21.5,24.9,16,30,21.3,101,4
36,28,8,1.29,30.9,24.1,28,28,22.9,43,4
29,35,-6,0.83,24.9,30.1,14,36,17.4,59,3
31,32,-1,0.97,26.6,27.5,18,34,18.5,58,4
27,30,-3,0.9,23.2,25.8,19,31,20.5,59,5
33,30,3,1.1,28.4,25.8,23,31,20.5,90,5
32,34,-2,0.94,26.8,28.5,18,35,18.5,56,4
27,32,-5,0.84,22.6,26.8,19,34,19.1,113,2
23,35,-12,0.66,19.2,29.3,11,36,17.8,16,0
28,32,-4,0.88,23.4,26.8,19,34,19.1,68,3
39,26,13,1.5,32.6,21.8,32,27,24.6,61,7
32,22,10,1.45,26.8,18.4,27,23,29.3,78,1
30,26,4,1.15,25.1,21.8,22,27,24.6,69,6
32,36,-4,0.89,26.8,30.1,18,38,16.9,94,4
31,24,7,1.29,26.3,20.3,19,25,26.4,56,4
24,29,-5,0.83,20.3,24.6,16,32,20.2,101,2
21,27,-6,0.78,17.8,22.9,16,28,23.3,21,3
23,21,2,1.1,19.5,17.8,15,23,28.8,81,0
20,25,-5,0.8,16.9,21.2,17,26,25.3,50,4
22,24,-2,0.92,18.6,20.3,17,25,26.3,36,2
34,21,13,1.62,28.8,17.8,25,22,30.1,75,5
25,29,-4,0.86,21.2,24.6,19,30,21.6,106,2
22,32,-10,0.69,19.2,28.0,13,36,17.1,108,2
29,22,7,1.32,25.4,19.2,19,23,27.8,66,6
24,25,-1,0.96,21.0,21.9,17,26,24.4,88,3
36,21,15,1.71,31.5,18.4,28,22,29.2,70,9
27,28,-1,0.96,23.6,24.5,13,30,20.9,52,3
29,28,1,1.04,25.4,24.5,17,29,21.5,45,4
21,26,-5,0.81,18.4,22.7,13,27,23.5,115,2
23,29,-6,0.79,20.1,25.4,15,30,20.9,58,5
23,17,6,1.35,23.7,17.5,17,18,30.6,53,2
23,22,1,1.05,23.7,22.6,16,23,23.4,30,0
18,19,-1,0.95,18.5,19.6,14,20,27.2,68,5
27,21,6,1.29,27.8,21.6,19,22,24.5,111,3
22,25,-3,0.88,22.6,25.7,18,26,20.5,53,4
22,22,0,1.0,22.6,22.6,12,23,23.4,21,1
17,20,-3,0.85,17.5,20.6,12,21,25.8,4,1
18,24,-6,0.75,18.5,24.7,13,25,21.4,65,2
18,31,-13,0.58,16.9,29.1,10,33,17.4,53,2
27,28,-1,0.96,25.3,26.2,14,28,20.8,12,1
22,22,0,1.0,20.6,20.6,17,23,25.9,70,1
25,32,-7,0.78,23.4,30.0,14,33,17.4,23,2
21,26,-5,0.81,19.7,24.4,13,27,21.7,43,3
34,20,14,1.7,31.9,18.8,24,21,28.5,57,6
29,23,6,1.26,27.2,21.6,22,24,24.6,61,4
29,23,6,1.26,27.2,21.6,22,25,23.7,98,4
27,21,6,1.29,29.7,23.1,16,21,24.0,37,3
18,22,-4,0.82,19.8,24.2,12,23,21.8,15,2
22,31,-9,0.71,24.2,34.1,14,32,15.1,15,4
18,31,-13,0.58,19.8,34.1,10,32,15.1,44,1
20,19,1,1.05,22.0,20.9,13,20,25.4,46,3
30,20,10,1.5,33.0,22.0,22,22,23.0,57,4
26,26,0,1.0,28.6,28.6,16,27,18.3,68,4
29,20,9,1.45,31.9,22.0,20,22,22.9,108,4
19,19,0,1.0,22.1,22.1,16,20,23.8,81,4
21,18,3,1.17,24.4,20.9,16,20,23.9,56,2
22,20,2,1.1,25.5,23.2,14,22,21.6,82,1
22,21,1,1.05,25.5,24.4,17,22,21.5,78,4
15,28,-13,0.54,17.4,32.5,8,30,15.3,48,4
21,15,6,1.4,24.4,17.4,16,16,30.4,5,1
22,23,-1,0.96,25.5,26.7,19,24,19.6,47,2
20,18,2,1.11,23.2,20.9,15,19,25.3,15,1
21,37,-16,0.57,18.5,32.6,12,39,15.4,58,2
27,31,-4,0.87,23.8,27.4,18,32,19.2,107,4
31,29,2,1.07,27.4,25.6,26,29,21.4,39,7
38,29,9,1.31,33.5,25.6,29,32,19.2,40,5
25,36,-11,0.69,22.1,31.8,11,37,16.4,75,3
36,27,9,1.33,31.8,23.8,28,29,21.5,48,7
36,26,10,1.38,31.8,22.9,29,27,23.2,69,6
29,28,1,1.04,25.6,24.7,17,29,21.5,89,5
24,30,-6,0.8,20.4,25.5,15,31,20.8,93,2
33,33,0,1.0,28.0,28.0,24,34,18.8,60,4
30,40,-10,0.75,25.5,34.0,18,41,15.2,27,3
35,30,5,1.17,29.7,25.5,25,31,20.8,28,5
24,30,-6,0.8,20.4,25.5,17,31,20.7,66,1
46,27,19,1.7,39.1,22.9,30,28,23.3,50,5
32,30,2,1.07,27.2,25.5,21,32,20.1,116,4
31,35,-4,0.89,26.3,29.7,19,36,17.6,48,6
28,28,0,1.0,25.0,25.0,22,29,21.2,45,3
25,33,-8,0.76,22.4,29.5,16,34,17.7,13,5
33,20,13,1.65,29.5,17.9,28,22,28.5,89,5
35,35,0,1.0,31.3,31.3,22,36,16.7,81,7
25,33,-8,0.76,22.4,29.5,17,33,18.3,94,3
29,26,3,1.12,25.9,23.2,20,28,22.0,75,2
39,29,10,1.34,34.9,25.9,28,32,19.0,25,7
23,33,-10,0.7,20.6,29.5,18,34,17.7,71,4
21,23,-2,0.91,19.5,21.4,15,24,24.7,89,4
15,27,-12,0.56,13.9,25.1,13,27,21.8,60,2
24,30,-6,0.8,22.3,27.9,16,31,18.8,84,3
20,30,-10,0.67,18.6,27.9,10,30,19.5,59,1
21,20,1,1.05,19.5,18.6,15,21,28.8,91,3
29,20,9,1.45,26.9,18.6,26,21,28.8,74,2
34,18,16,1.89,31.6,16.7,29,19,32.0,73,4
26,22,4,1.18,24.1,20.4,20,24,24.9,94,4
31,33,-2,0.94,28.0,29.8,22,35,17.0,111,5
32,25,7,1.28,28.9,22.6,22,26,23.6,21,3
37,19,18,1.95,33.4,17.2,33,20,31.2,120,7
34,21,13,1.62,30.7,19.0,24,23,26.7,42,5
14,34,-20,0.41,12.7,30.7,5,36,16.3,30,1
30,31,-1,0.97,27.1,28.0,19,31,19.4,24,2
28,35,-7,0.8,25.3,31.6,19,38,15.4,118,3
26,34,-8,0.76,23.5,30.7,15,34,17.5,8,5
22,34,-12,0.65,21.1,32.6,13,37,15.0,21,3
32,36,-4,0.89,30.7,34.6,20,36,15.4,36,1
22,29,-7,0.76,21.1,27.8,13,29,19.5,45,2
30,29,1,1.03,28.8,27.8,19,30,18.8,96,4
39,24,15,1.62,37.4,23.0,29,25,23.1,48,5
31,27,4,1.15,29.8,25.9,20,29,19.6,42,4
26,25,1,1.04,25.0,24.0,13,27,21.2,136,3
32,30,2,1.07,30.7,28.8,23,32,17.5,74,6
25,22,3,1.14,23.1,20.3,22,23,26.3,57,2
32,26,6,1.23,29.6,24.0,23,28,21.2,70,6
23,26,-3,0.88,21.3,24.0,16,27,22.1,121,1
29,19,10,1.53,26.8,17.6,22,21,29.0,114,3
26,25,1,1.04,24.0,23.1,15,28,21.3,136,4
29,22,7,1.32,26.8,20.3,20,23,26.1,38,3
23,33,-10,0.7,21.3,30.5,14,34,16.9,47,3
15,29,-14,0.52,13.9,26.8,8,31,19.0,33,1
34,34,0,1.0,27.3,27.3,22,35,19.3,66,6
35,39,-4,0.9,28.2,31.4,20,41,16.2,37,2
32,31,1,1.03,25.7,24.9,20,32,21.3,76,4
27,34,-7,0.79,21.7,27.3,19,36,18.7,83,4
37,29,8,1.28,29.8,23.3,27,30,22.9,54,4
29,35,-6,0.83,23.3,28.2,22,36,18.7,97,4
42,32,10,1.31,33.8,25.7,30,33,20.6,71,8
30,32,-2,0.94,24.1,25.7,23,33,20.6,101,3
23,24,-1,0.96,19.9,20.7,18,25,25.8,5,3
29,26,3,1.12,25.0,22.4,21,28,22.8,59,2
28,25,3,1.12,24.2,21.6,19,27,23.8,51,1
28,27,1,1.04,24.2,23.3,20,28,22.6,137,3
34,22,12,1.55,29.4,19.0,25,23,28.3,47,3
33,27,6,1.22,28.5,23.3,22,27,23.7,97,5
22,30,-8,0.73,19.0,25.9,17,31,20.4,40,6
13,29,-16,0.45,11.2,25.0,9,30,21.2,81,0
25,23,2,1.09,24.9,22.9,14,26,21.3,85,1
27,18,9,1.5,26.9,17.9,22,20,28.2,63,4
40,19,21,2.11,39.9,18.9,33,20,28.0,41,6
19,22,-3,0.86,18.9,21.9,10,22,25.2,132,2
16,27,-11,0.59,15.9,26.9,11,28,19.5,71,3
25,23,2,1.09,24.9,22.9,19,24,23.0,58,5
23,34,-11,0.68,22.9,33.9,12,34,15.7,70,1
18,27,-9,0.67,17.9,26.9,9,28,19.5,74,2
20,26,-6,0.77,19.2,25.0,14,27,21.1,51,2
26,25,1,1.04,25.0,24.0,19,26,22.0,7,4
22,37,-15,0.59,21.1,35.5,14,38,14.4,23,4
21,25,-4,0.84,20.2,24.0,14,26,22.0,103,1
33,17,16,1.94,31.7,16.3,23,18,32.8,100,2
26,25,1,1.04,25.0,24.0,16,26,22.0,66,4
29,22,7,1.32,27.8,21.1,19,25,22.9,38,5
25,25,0,1.0,24.0,24.0,16,26,22.0,88,2
26,23,3,1.13,24.8,21.9,20,23,25.4,138,2
21,27,-6,0.78,20.0,25.8,12,27,21.0,48,3
24,22,2,1.09,22.9,21.0,20,24,24.1,39,3
23,27,-4,0.85,21.9,25.8,14,31,18.3,42,2
25,22,3,1.14,23.8,21.0,18,23,25.4,90,2
21,25,-4,0.84,20.0,23.8,15,26,22.2,33,3
24,21,3,1.14,22.9,20.0,20,23,25.5,108,4
29,26,3,1.12,27.7,24.8,19,27,21.3,56,6
30,35,-5,0.86,25.8,30.0,16,36,17.4,59,3
30,33,-3,0.91,25.8,28.3,20,34,18.6,12,3
19,29,-10,0.66,16.3,24.9,14,31,20.6,53,2
28,34,-6,0.82,24.0,29.2,16,35,18.0,79,3
24,26,-2,0.92,20.6,22.3,17,27,23.9,28,3
44,19,25,2.32,37.8,16.3,32,20,32.9,145,8
31,31,0,1.0,26.6,26.6,22,32,19.9,44,2
32,31,1,1.03,27.5,26.6,19,32,19.9,77,3
20,22,-2,0.91,21.0,23.1,16,25,20.9,39,2
25,22,3,1.14,26.2,23.1,17,23,22.9,104,3
23,24,-1,0.96,24.1,25.2,13,25,20.9,95,4
29,14,15,2.07,30.4,14.7,27,15,36.2,102,1
24,25,-1,0.96,25.2,26.2,15,26,19.5,43,2
16,24,-8,0.67,16.8,25.2,14,25,20.8,47,1
19,21,-2,0.9,19.9,22.0,13,23,22.9,66,2
23,27,-4,0.85,24.1,28.3,15,28,18.3,48,0
25,13,12,1.92,27.4,14.3,22,16,32.6,48,3
17,21,-4,0.81,18.6,23.0,14,25,20.1,80,3
23,19,4,1.21,25.2,20.8,16,22,23.1,73,4
29,17,12,1.71,31.8,18.6,22,20,25.5,85,5
15,29,-14,0.52,16.5,31.8,9,30,16.3,86,0
15,29,-14,0.52,16.5,31.8,8,31,15.6,11,2
19,18,1,1.06,20.8,19.7,13,19,26.9,19,1
21,18,3,1.17,23.0,19.7,17,19,26.9,20,2
26,30,-4,0.87,23.6,27.2,16,32,18.7,72,2
29,29,0,1.0,26.3,26.3,16,31,19.4,57,3
23,23,0,1.0,20.8,20.8,13,24,25.5,108,0
26,30,-4,0.87,23.6,27.2,15,31,19.4,9,3
34,27,7,1.26,30.8,24.5,23,29,20.9,118,8
25,23,2,1.09,22.7,20.8,19,27,22.6,71,4
36,25,11,1.44,32.6,22.7,24,28,21.7,38,5
17,29,-12,0.59,15.4,26.3,14,31,19.3,99,0
35,28,7,1.25,27.1,21.6,28,29,24.8,83,3
28,40,-12,0.7,21.6,30.9,14,41,16.9,86,4
33,40,-7,0.82,25.5,30.9,18,42,16.5,61,4
41,32,9,1.28,31.7,24.7,25,34,20.9,76,5
37,32,5,1.16,28.6,24.7,25,34,20.9,72,4
24,34,-10,0.71,18.6,26.3,14,37,19.0,101,3
40,42,-2,0.95,30.9,32.5,18,44,15.7,32,4
39,29,10,1.34,30.2,22.4,25,32,22.3,99,4
22,29,-7,0.76,21.2,28.0,12,30,18.8,37,2
24,28,-4,0.86,23.2,27.0,15,31,18.1,78,4
30,27,3,1.11,28.9,26.0,20,29,19.5,84,3
22,29,-7,0.76,21.2,28.0,10,30,18.7,39,3
37,21,16,1.76,35.7,20.3,32,22,26.3,63,5
23,29,-6,0.79,22.2,28.0,15,32,17.4,20,0
29,21,8,1.38,28.0,20.3,21,23,25.1,130,5
24,27,-3,0.89,23.2,26.0,14,29,19.4,78,3
21,29,-8,0.72,18.5,25.6,14,30,20.6,53,2
30,19,11,1.58,26.5,16.8,25,21,30.4,72,5
20,23,-3,0.87,17.6,20.3,13,24,26.4,71,1
25,27,-2,0.93,22.1,23.8,13,27,23.1,115,3
30,23,7,1.3,26.5,20.3,21,23,27.2,39,5
23,27,-4,0.85,20.3,23.8,16,28,22.3,35,4
25,24,1,1.04,22.1,21.2,18,25,25.1,98,3
20,22,-2,0.91,17.6,19.4,17,23,27.6,98,4
26,28,-2,0.93,29.7,32.0,14,28,16.6,27,2
24,28,-4,0.86,27.4,32.0,15,28,16.7,12,5
22,21,1,1.05,25.1,24.0,15,22,21.9,42,4
17,24,-7,0.71,19.4,27.4,12,25,19.0,44,5
21,27,-6,0.78,24.0,30.9,11,29,16.1,68,1
18,20,-2,0.9,20.6,22.9,12,22,21.9,89,2
35,20,15,1.75,40.0,22.9,26,21,23.0,60,8
27,22,5,1.23,30.9,25.1,18,24,19.8,115,2
30,26,4,1.15,25.7,22.3,18,27,24.0,37,4
33,26,7,1.27,28.2,22.3,22,27,24.0,110,4
27,29,-2,0.93,23.1,24.8,19,31,20.7,46,1
28,30,-2,0.93,24.0,25.7,20,31,20.7,93,2
30,28,2,1.07,25.7,24.0,22,29,22.2,87,4
28,32,-4,0.88,24.0,27.4,17,32,19.9,49,5
20,31,-11,0.65,17.1,26.5,12,32,19.9,28,3
33,27,6,1.22,28.2,23.1,27,28,23.1,140,5
39,35,4,1.11,32.5,29.2,29,36,18.0,68,6
36,25,11,1.44,30.0,20.9,29,26,25.7,50,5
30,30,0,1.0,25.0,25.0,18,31,21.2,126,4
39,37,2,1.05,32.5,30.9,23,40,16.0,31,4
39,35,4,1.11,32.5,29.2,24,36,18.0,28,6
31,36,-5,0.86,25.9,30.0,20,38,16.9,58,4
26,33,-7,0.79,21.7,27.5,18,33,19.8,109,4
31,40,-9,0.78,25.9,33.4,14,42,15.1,22,5
40,26,14,1.54,35.9,23.3,28,27,22.8,4,6
40,24,16,1.67,35.9,21.5,31,25,24.7,93,9
27,36,-9,0.75,24.2,32.3,18,37,16.1,68,5
22,23,-1,0.96,19.7,20.6,13,24,25.9,108,2
19,29,-10,0.66,17.0,26.0,13,30,20.3,77,3
23,30,-7,0.77,20.6,26.9,15,31,19.6,56,2
27,33,-6,0.82,24.2,29.6,19,35,17.1,85,3
40,37,3,1.08,35.9,33.2,19,38,15.6,3,7
18,28,-10,0.64,17.8,27.7,11,29,19.0,58,0
19,26,-7,0.73,18.8,25.7,16,27,20.5,90,3
34,27,7,1.26,33.6,26.7,25,29,19.0,101,7
17,26,-9,0.65,16.8,25.7,11,27,20.4,43,1
28,24,4,1.17,27.7,23.7,19,25,22.2,74,5
26,23,3,1.13,25.7,22.7,19,24,23.3,92,2
28,26,2,1.08,27.7,25.7,17,27,20.5,37,5
25,15,10,1.67,24.7,14.8,20,16,35.7,80,3
14,25,-11,0.56,15.6,27.8,9,27,18.0,46,2
16,25,-9,0.64,17.8,27.8,8,26,18.8,45,0
18,19,-1,0.95,20.0,21.2,14,21,23.7,61,1
29,25,4,1.16,32.3,27.8,18,27,18.0,44,5
23,19,4,1.21,25.6,21.2,18,20,25.0,64,2
19,20,-1,0.95,21.2,22.3,12,22,22.5,75,4
23,23,0,1.0,25.6,25.6,14,24,20.5,65,2
29,15,14,1.93,32.3,16.7,23,16,31.8,95,4
31,30,1,1.03,25.0,24.2,24,31,22.0,93,4
25,32,-7,0.78,20.2,25.8,20,34,19.9,104,3
34,37,-3,0.92,27.4,29.8,24,38,17.5,12,3
37,38,-1,0.97,29.8,30.6,26,39,17.1,56,8
37,36,1,1.03,29.8,29.0,21,38,17.5,59,4
38,32,6,1.19,30.6,25.8,27,33,20.6,54,9
26,26,0,1.0,21.0,21.0,20,27,25.6,116,2
36,33,3,1.09,29.0,26.6,23,35,19.3,42,6
23,33,-10,0.7,19.7,28.3,13,34,18.6,73,2
36,28,8,1.29,30.9,24.0,27,29,22.0,34,5
33,35,-2,0.94,28.3,30.0,26,36,17.5,70,5
30,30,0,1.0,25.7,25.7,24,31,20.6,89,5
31,34,-3,0.91,26.6,29.1,18,35,18.0,114,2
27,32,-5,0.84,23.1,27.4,18,33,19.2,70,1
34,20,14,1.7,29.1,17.1,29,21,31.4,54,4
34,36,-2,0.94,29.1,30.9,23,36,17.4,71,9
27,23,4,1.17,23.9,20.4,18,25,25.2,117,6
29,22,7,1.32,25.7,19.5,22,23,27.5,61,7
26,26,0,1.0,23.0,23.0,16,27,23.1,41,2
18,24,-6,0.75,15.9,21.2,13,26,24.1,61,2
21,25,-4,0.84,18.6,22.1,14,28,22.0,51,2
27,25,2,1.08,23.9,22.1,19,28,22.2,83,7
25,23,2,1.09,22.1,20.4,20,24,26.3,60,5
22,27,-5,0.81,19.5,23.9,15,29,21.5,24,1
25,25,0,1.0,21.3,21.3,20,26,25.1,84,1
28,30,-2,0.93,23.9,25.6,21,31,20.7,18,5
32,34,-2,0.94,27.3,29.0,20,35,18.0,67,3
29,28,1,1.04,24.8,23.9,22,30,21.4,75,5
23,26,-3,0.88,19.6,22.2,16,27,24.1,133,2
28,34,-6,0.82,23.9,29.0,19,36,17.5,54,3
41,25,16,1.64,35.0,21.3,33,27,24.0,29,8
25,29,-4,0.86,21.3,24.8,14,30,21.5,80,2
37,29,8,1.28,28.2,22.1,28,30,24.2,85,5
37,39,-2,0.95,28.2,29.8,24,40,17.7,21,6
41,29,12,1.41,31.3,22.1,33,30,24.2,87,4
26,40,-14,0.65,19.8,30.5,15,41,17.2,93,3
30,36,-6,0.83,22.9,27.5,21,38,18.7,72,3
35,37,-2,0.95,26.7,28.2,20,38,18.6,83,4
33,31,2,1.06,25.2,23.7,22,33,21.8,27,2
39,37,2,1.05,29.8,28.2,28,39,18.2,52,4
20,26,-6,0.77,19.6,25.5,15,27,20.7,49,3
28,25,3,1.12,27.5,24.5,18,27,20.7,58,6
25,24,1,1.04,24.5,23.6,14,25,22.5,83,5
27,18,9,1.5,26.5,17.7,25,19,30.2,120,5
20,26,-6,0.77,19.6,25.5,13,27,20.6,82,1
26,26,0,1.0,25.5,25.5,17,28,19.9,32,3
26,25,1,1.04,25.5,24.5,15,26,21.5,53,2
21,23,-2,0.91,20.6,22.6,13,24,23.5,20,1
26,21,5,1.24,27.1,21.9,18,22,24.2,71,3
21,23,-2,0.91,21.9,24.0,13,24,22.0,42,1
17,20,-3,0.85,17.7,20.8,11,21,25.5,129,1
29,25,4,1.16,30.2,26.0,19,26,20.2,67,4
19,27,-8,0.7,19.8,28.1,11,28,18.6,73,1
19,24,-5,0.79,19.8,25.0,11,25,21.1,93,2
30,22,8,1.36,31.2,22.9,21,23,23.0,44,6
21,20,1,1.05,21.9,20.8,14,20,26.8,49,3
32,36,-4,0.89,26.8,30.1,18,38,16.8,98,5
30,28,2,1.07,25.1,23.4,23,29,22.8,45,2
36,30,6,1.2,30.1,25.1,22,30,21.8,83,3
33,35,-2,0.94,27.6,29.3,23,36,17.9,33,2
37,35,2,1.06,31.0,29.3,21,35,18.5,82,4
30,35,-5,0.86,25.1,29.3,21,37,17.4,59,3
30,31,-1,0.97,25.1,25.9,21,32,20.4,91,5
32,30,2,1.07,26.8,25.1,21,31,21.2,91,5
32,18,14,1.78,29.7,16.7,26,19,32.1,58,6
25,24,1,1.04,23.2,22.3,20,26,22.9,27,3
18,35,-17,0.51,16.7,32.5,7,36,16.0,40,1
25,31,-6,0.81,23.2,28.7,15,32,18.3,82,3
24,22,2,1.09,22.3,20.4,18,23,26.2,78,2
33,25,8,1.32,30.6,23.2,22,26,22.9,71,4
32,22,10,1.45,29.7,20.4,22,23,26.2,22,1
19,31,-12,0.61,17.6,28.7,13,32,18.2,100,1
32,23,9,1.39,33.4,24.0,24,23,23.0,32,5
26,20,6,1.3,27.1,20.9,22,21,25.4,125,2
24,20,4,1.2,25.0,20.9,16,21,25.4,103,1
31,24,7,1.29,32.3,25.0,23,25,21.1,56,6
22,31,-9,0.71,23.0,32.3,10,31,16.5,35,2
29,28,1,1.04,30.3,29.2,18,28,18.5,24,2
23,26,-3,0.88,24.0,27.1,17,27,19.2,34,2
13,28,-15,0.46,13.6,29.2,7,29,17.8,48,0
20,29,-9,0.69,17.1,24.8,13,31,20.6,52,2
28,25,3,1.12,24.0,21.4,22,26,24.9,103,4
27,33,-6,0.82,23.1,28.2,16,35,17.7,90,4
28,25,3,1.12,24.0,21.4,21,26,25.0,57,2
29,31,-2,0.94,24.8,26.5,19,33,19.3,47,5
28,30,-2,0.93,24.0,25.7,17,32,19.8,68,0
27,19,8,1.42,23.1,16.3,20,20,33.1,81,2
28,23,5,1.22,24.0,19.7,20,24,27.2,114,4
33,27,6,1.22,27.0,22.1,23,29,22.9,81,4
30,28,2,1.07,24.6,23.0,20,29,23.2,65,6
23,29,-6,0.79,18.9,23.8,15,30,22.4,57,4
30,35,-5,0.86,24.6,28.7,17,37,17.8,75,5
30,31,-1,0.97,24.6,25.4,14,32,20.9,110,4
27,32,-5,0.84,22.1,26.2,16,34,19.4,46,5
31,27,4,1.15,25.4,22.1,20,28,24.1,79,5
31,26,5,1.19,25.4,21.3,23,28,24.2,79,4
25,38,-13,0.66,21.2,32.3,18,39,16.1,46,5
31,31,0,1.0,26.3,26.3,22,32,20.1,44,4
31,29,2,1.07,26.3,24.6,20,30,21.5,87,2
41,38,3,1.08,34.8,32.3,27,38,16.5,72,5
26,32,-6,0.81,22.1,27.2,19,33,19.4,102,5
34,37,-3,0.92,28.9,31.4,20,38,16.6,57,7
32,27,5,1.19,27.2,22.9,22,28,23.2,46,6
44,32,12,1.38,37.4,27.2,26,33,19.4,77,5
28,21,7,1.33,28.4,21.3,20,22,25.0,71,4
24,18,6,1.33,24.3,18.2,18,19,29.2,64,4
22,21,1,1.05,22.3,21.3,17,22,25.0,48,3
29,25,4,1.16,29.4,25.3,21,27,20.0,79,5
27,26,1,1.04,27.4,26.4,17,27,19.9,33,2
17,28,-11,0.61,17.2,28.4,8,31,17.1,18,1
24,23,1,1.04,24.3,23.3,19,25,21.7,45,5
17,26,-9,0.65,17.2,26.4,12,28,19.2,67,1
19,33,-14,0.58,17.8,31.0,11,34,16.8,41,2
26,37,-11,0.7,24.4,34.7,20,38,14.8,5,5
34,31,3,1.1,31.9,29.1,20,32,17.8,6,5
21,30,-9,0.7,19.7,28.2,13,31,18.6,87,1
42,24,18,1.75,39.4,22.5,31,25,23.6,79,7
22,28,-6,0.79,20.7,26.3,17,29,20.0,67,4
35,20,15,1.75,32.9,18.8,30,21,28.5,79,5
32,28,4,1.14,30.0,26.3,19,29,20.1,52,5
24,25,-1,0.96,24.9,25.9,13,26,20.3,35,2
20,22,-2,0.91,20.7,22.8,16,24,22.2,67,1
17,25,-8,0.68,17.6,25.9,8,26,20.3,54,2
19,30,-11,0.63,19.7,31.1,14,31,16.7,37,2
22,21,1,1.05,22.8,21.8,17,22,24.4,54,2
25,24,1,1.04,25.9,24.9,15,26,20.3,58,3
37,15,22,2.47,38.3,15.5,29,16,34.3,116,4
18,20,-2,0.9,18.7,20.7,16,21,25.6,76,4
18,26,-8,0.69,20.3,29.3,9,29,16.3,41,3
21,24,-3,0.88,23.6,27.0,15,25,19.4,12,1
16,23,-7,0.7,18.0,25.9,10,25,19.4,76,2
20,26,-6,0.77,22.5,29.3,12,27,17.7,41,3
23,24,-1,0.96,25.9,27.0,16,27,17.4,79,5
24,14,10,1.71,27.0,15.8,18,15,33.6,117,4
26,18,8,1.44,29.3,20.3,20,21,23.4,40,2
26,19,7,1.37,29.3,21.4,19,20,24.6,68,2
29,25,4,1.16,29.1,25.1,22,26,21.0,68,3
21,28,-7,0.75,21.1,28.1,13,30,18.0,36,4
20,30,-10,0.67,20.1,30.1,11,31,17.0,67,2
24,23,1,1.04,24.1,23.1,13,23,24.0,69,3
24,25,-1,0.96,24.1,25.1,14,28,19.4,72,4
28,30,-2,0.93,28.1,30.1,18,31,17.3,73,3
18,17,1,1.06,18.1,17.1,15,18,31.3,125,2
36,22,14,1.64,36.1,22.1,27,23,24.0,74,4
31,30,1,1.03,26.9,26.0,24,31,20.2,66,3
34,33,1,1.03,29.5,28.6,19,33,18.9,45,4
30,33,-3,0.91,26.0,28.6,21,34,18.3,37,3
30,30,0,1.0,26.0,26.0,17,31,20.4,89,4
32,32,0,1.0,27.7,27.7,19,33,19.0,86,2
28,30,-2,0.93,24.3,26.0,18,31,20.3,72,2
34,30,4,1.13,29.5,26.0,22,31,20.4,66,4
32,33,-1,0.97,27.7,28.6,19,35,17.8,53,6
31,20,11,1.55,28.3,18.2,25,21,29.4,60,5
23,27,-4,0.85,21.0,24.6,16,29,20.7,54,2
26,19,7,1.37,23.7,17.3,23,20,31.0,98,3
31,26,5,1.19,28.3,23.7,23,28,19.9,61,4
28,31,-3,0.9,25.5,28.3,18,31,19.3,62,2
20,31,-11,0.65,18.2,28.3,11,32,18.6,24,2
22,21,1,1.05,20.1,19.1,17,22,27.9,65,2
22,28,-6,0.79,20.1,25.5,16,29,20.7,55,4
33,36,-3,0.92,27.3,29.8,20,37,17.6,93,8
32,38,-6,0.84,26.5,31.4,23,39,16.6,48,2
30,28,2,1.07,24.8,23.2,20,28,23.9,116,3
30,32,-2,0.94,24.8,26.5,22,33,20.0,51,4
37,35,2,1.06,30.6,29.0,25,38,17.1,52,6
25,28,-3,0.89,20.7,23.2,17,29,23.1,54,0
38,27,11,1.41,31.4,22.3,29,28,23.9,89,4
34,35,-1,0.97,28.1,29.0,17,35,18.7,56,3
27,33,-6,0.82,23.2,28.3,17,35,17.8,42,2
38,25,13,1.52,32.6,21.5,31,26,24.8,72,4
30,24,6,1.25,25.8,20.6,20,27,23.9,82,2
21,31,-10,0.68,18.0,26.6,14,32,19.8,80,3
24,23,1,1.04,20.6,19.7,16,24,27.2,147,2
25,30,-5,0.83,21.5,25.8,13,31,20.6,68,0
32,27,5,1.19,27.5,23.2,23,28,22.7,51,3
32,36,-4,0.89,27.5,30.9,20,38,16.4,36,6
17,27,-10,0.63,19.8,31.5,8,29,15.7,16,3
13,30,-17,0.43,15.2,35.0,5,30,15.0,40,0
24,22,2,1.09,28.0,25.7,15,23,20.3,40,4
19,28,-9,0.68,22.2,32.7,10,30,15.2,46,4
22,21,1,1.05,25.7,24.5,12,22,21.4,58,2
22,15,7,1.47,25.7,17.5,17,17,28.3,84,2
31,16,15,1.94,36.2,18.7,21,17,28.3,90,4
32,21,11,1.52,37.4,24.5,19,22,21.3,69,7
21,31,-10,0.68,19.7,29.1,16,32,18.0,62,1
23,25,-2,0.92,21.6,23.5,18,26,22.4,67,4
30,21,9,1.43,28.2,19.7,25,22,27.1,75,6
24,24,0,1.0,22.5,22.5,18,25,23.3,81,5
28,26,2,1.08,26.3,24.4,15,27,21.7,104,1
21,26,-5,0.81,19.7,24.4,10,27,21.7,69,3
32,19,13,1.68,30.0,17.8,26,20,30.0,50,7
20,27,-7,0.74,18.8,25.4,9,29,20.1,85,1
31,38,-7,0.82,26.5,32.5,20,39,16.0,8,5
36,30,6,1.2,30.8,25.6,25,33,19.3,37,8
28,30,-2,0.93,23.9,25.6,18,31,20.7,113,3
33,26,7,1.27,28.2,22.2,25,27,24.0,82,5
30,32,-2,0.94,25.6,27.4,22,33,19.2,99,4
36,33,3,1.09,30.8,28.2,16,35,18.1,31,3
34,22,12,1.55,29.1,18.8,29,23,28.6,110,6
24,41,-17,0.59,20.5,35.0,8,41,15.1,67,2
31,19,12,1.63,29.4,18.0,24,20,29.7,51,3
30,19,11,1.58,28.4,18.0,23,22,26.8,83,3
23,18,5,1.28,21.8,17.1,19,19,31.4,57,1
20,24,-4,0.83,19.0,22.7,13,26,21.8,71,1
24,28,-4,0.86,22.7,26.5,14,29,19.8,62,3
23,23,0,1.0,21.8,21.8,20,25,23.3,18,3
21,23,-2,0.91,19.9,21.8,14,25,22.6,48,3
12,30,-18,0.4,11.4,28.4,9,31,18.4,84,2
24,32,-8,0.75,21.9,29.2,14,33,17.9,52,1
33,22,11,1.5,30.1,20.1,28,23,26.6,57,5
33,20,13,1.65,30.1,18.3,28,21,29.4,67,7
19,23,-4,0.83,17.4,21.0,12,24,25.4,115,1
25,27,-2,0.93,22.8,24.7,16,28,21.5,87,4
30,26,4,1.15,27.4,23.7,24,27,22.4,90,4
24,22,2,1.09,21.9,20.1,15,24,25.4,61,0
18,34,-16,0.53,16.4,31.1,7,35,16.8,40,0
36,37,-1,0.97,26.4,27.2,25,38,19.5,104,6
31,41,-10,0.76,22.8,30.1,21,42,17.4,33,7
47,29,18,1.62,34.5,21.3,37,29,26.2,100,4
35,34,1,1.03,25.7,25.0,26,35,21.2,65,4
43,32,11,1.34,31.6,23.5,28,33,22.8,123,6
37,41,-4,0.9,27.2,30.1,27,42,17.4,73,5
30,36,-6,0.83,22.0,26.4,22,37,20.0,44,2
31,40,-9,0.78,22.8,29.4,23,41,17.9,88,6
33,17,16,1.94,34.1,17.6,28,19,28.6,34,9
29,23,6,1.26,30.0,23.8,20,25,21.1,57,3
34,18,16,1.89,35.2,18.6,27,19,28.6,107,4
12,23,-11,0.52,12.4,23.8,7,25,21.2,91,1
16,27,-11,0.59,16.6,27.9,8,28,18.8,67,1
26,30,-4,0.87,26.9,31.0,14,31,16.7,31,2
16,26,-10,0.62,16.6,26.9,11,27,19.5,47,0
23,25,-2,0.92,23.8,25.9,14,27,19.4,31,2
